9.999939e-01 -3.178768e-03 -1.476784e-03 -5.124268e-01 3.176661e-03 9.999939e-01 -1.427221e-03 6.427269e-02 1.481312e-03 1.422521e-03 9.999979e-01 1.271470e+00
9.999920e-01 -2.338793e-03 -3.244603e-03 -1.082010e+00 2.325904e-03 9.999894e-01 -3.970485e-03 1.863259e-01 3.253855e-03 3.962907e-03 9.999869e-01 2.599502e+00
9.999835e-01 -3.307774e-03 -4.690726e-03 -1.663180e+00 3.280643e-03 9.999779e-01 -5.779845e-03 2.964189e-01 4.709741e-03 5.764361e-03 9.999723e-01 3.953850e+00
9.999751e-01 4.770473e-04 -7.033998e-03 -2.256989e+00 -5.359727e-04 9.999648e-01 -8.377726e-03 3.811753e-01 7.029753e-03 8.381288e-03 9.999402e-01 5.313995e+00
9.999605e-01 -7.822120e-04 -8.853170e-03 -2.809574e+00 7.101073e-04 9.999666e-01 -8.144726e-03 4.381264e-01 8.859245e-03 8.138117e-03 9.999276e-01 6.650255e+00
9.999360e-01 2.356952e-03 -1.106410e-02 -3.392376e+00 -2.471900e-03 9.999430e-01 -1.038713e-02 4.952503e-01 1.103899e-02 1.041381e-02 9.998848e-01 8.012636e+00
9.998787e-01 8.075439e-03 -1.331761e-02 -4.036525e+00 -8.256250e-03 9.998737e-01 -1.357819e-02 5.683538e-01 1.320628e-02 1.368650e-02 9.998191e-01 9.405238e+00
9.997956e-01 1.321870e-02 -1.529890e-02 -4.719171e+00 -1.342746e-02 9.998170e-01 -1.362396e-02 6.459751e-01 1.511601e-02 1.382660e-02 9.997901e-01 1.090666e+01
9.997353e-01 1.554814e-02 -1.696106e-02 -5.407612e+00 -1.574087e-02 9.998124e-01 -1.128905e-02 7.187207e-01 1.678235e-02 1.155304e-02 9.997924e-01 1.242192e+01
9.996622e-01 1.832596e-02 -1.842815e-02 -6.087694e+00 -1.849350e-02 9.997888e-01 -8.963002e-03 7.927516e-01 1.826000e-02 9.300776e-03 9.997900e-01 1.396330e+01
9.995464e-01 2.311348e-02 -1.930448e-02 -6.624955e+00 -2.332768e-02 9.996680e-01 -1.094532e-02 7.926424e-01 1.904509e-02 1.139069e-02 9.997537e-01 1.504806e+01
9.995178e-01 2.330770e-02 -2.051551e-02 -7.296896e+00 -2.354364e-02 9.996585e-01 -1.133505e-02 8.861637e-01 2.024431e-02 1.181259e-02 9.997253e-01 1.660222e+01
9.995869e-01 1.985919e-02 -2.077698e-02 -7.998674e+00 -2.007044e-02 9.997485e-01 -1.000876e-02 9.082141e-01 2.057299e-02 1.042162e-02 9.997340e-01 1.813103e+01
9.995496e-01 2.022135e-02 -2.217218e-02 -8.643617e+00 -2.043021e-02 9.997486e-01 -9.234215e-03 9.991013e-01 2.197987e-02 9.683039e-03 9.997115e-01 1.968093e+01
9.996187e-01 1.537551e-02 -2.293687e-02 -9.250952e+00 -1.555174e-02 9.998507e-01 -7.524882e-03 1.055704e+00 2.281775e-02 7.878721e-03 9.997086e-01 2.118839e+01
9.995838e-01 1.582618e-02 -2.412113e-02 -9.904791e+00 -1.608224e-02 9.998160e-01 -1.045868e-02 1.125902e+00 2.395117e-02 1.084225e-02 9.996543e-01 2.270180e+01
9.995839e-01 1.526551e-02 -2.447253e-02 -1.055755e+01 -1.559751e-02 9.997881e-01 -1.343314e-02 1.190731e+00 2.426228e-02 1.380926e-02 9.996102e-01 2.417161e+01
9.995484e-01 1.638383e-02 -2.519029e-02 -1.129345e+01 -1.676630e-02 9.997462e-01 -1.504784e-02 1.228965e+00 2.493736e-02 1.546339e-02 9.995694e-01 2.577614e+01
9.995435e-01 1.608786e-02 -2.557469e-02 -1.210185e+01 -1.645971e-02 9.997609e-01 -1.439636e-02 1.347944e+00 2.533697e-02 1.481074e-02 9.995692e-01 2.757820e+01
9.995584e-01 1.495494e-02 -2.567855e-02 -1.279343e+01 -1.529068e-02 9.997995e-01 -1.292870e-02 1.498964e+00 2.548006e-02 1.331564e-02 9.995866e-01 2.901241e+01
9.994736e-01 1.830057e-02 -2.678756e-02 -1.354134e+01 -1.864181e-02 9.997475e-01 -1.254497e-02 1.626603e+00 2.655122e-02 1.303774e-02 9.995624e-01 3.072489e+01
9.994338e-01 1.976624e-02 -2.722654e-02 -1.424007e+01 -2.013530e-02 9.997082e-01 -1.334840e-02 1.719751e+00 2.695474e-02 1.388905e-02 9.995402e-01 3.230305e+01
9.994948e-01 1.501501e-02 -2.801400e-02 -1.494705e+01 -1.538983e-02 9.997943e-01 -1.321240e-02 1.844966e+00 2.780985e-02 1.363685e-02 9.995202e-01 3.400757e+01
9.995127e-01 1.362895e-02 -2.808352e-02 -1.567632e+01 -1.403201e-02 9.998006e-01 -1.420537e-02 1.969533e+00 2.788431e-02 1.459251e-02 9.995046e-01 3.551024e+01
9.994972e-01 1.313986e-02 -2.885769e-02 -1.639536e+01 -1.345843e-02 9.998503e-01 -1.087303e-02 1.999087e+00 2.871050e-02 1.125594e-02 9.995244e-01 3.722467e+01
9.994541e-01 1.609473e-02 -2.885299e-02 -1.715489e+01 -1.632845e-02 9.998356e-01 -7.882831e-03 2.094321e+00 2.872138e-02 8.349653e-03 9.995526e-01 3.890299e+01
9.994571e-01 1.641633e-02 -2.856500e-02 -1.797932e+01 -1.651241e-02 9.998588e-01 -3.130939e-03 2.212934e+00 2.850956e-02 3.600917e-03 9.995870e-01 4.079856e+01
9.996676e-01 3.015664e-03 -2.560474e-02 -1.865074e+01 -2.927230e-03 9.999896e-01 3.490588e-03 2.387322e+00 2.561500e-02 -3.414477e-03 9.996661e-01 4.231471e+01
9.995224e-01 1.901585e-02 -2.436005e-02 -1.933283e+01 -1.906636e-02 9.998165e-01 -1.842574e-03 2.399062e+00 2.432055e-02 2.306152e-03 9.997016e-01 4.350433e+01
9.994900e-01 2.027952e-02 -2.466864e-02 -2.011820e+01 -2.041129e-02 9.997787e-01 -5.101552e-03 2.487256e+00 2.455973e-02 5.602469e-03 9.996827e-01 4.532230e+01
9.995177e-01 1.933799e-02 -2.430019e-02 -2.093656e+01 -1.961337e-02 9.997455e-01 -1.114546e-02 2.633154e+00 2.407848e-02 1.161669e-02 9.996426e-01 4.718320e+01
9.992893e-01 1.300500e-02 -3.538004e-02 -2.142800e+01 -1.371500e-02 9.997079e-01 -1.989995e-02 2.910928e+00 3.511090e-02 2.037105e-02 9.991758e-01 4.913917e+01
9.992852e-01 8.618882e-03 -3.680660e-02 -2.162801e+01 -9.182997e-03 9.998425e-01 -1.518500e-02 2.759403e+00 3.666993e-02 1.551214e-02 9.992070e-01 5.009481e+01
9.992597e-01 1.111326e-02 -3.683188e-02 -2.252082e+01 -1.150086e-02 9.998805e-01 -1.032827e-02 2.891421e+00 3.671270e-02 1.074422e-02 9.992681e-01 5.203226e+01
9.992986e-01 2.089776e-03 -3.739034e-02 -2.342197e+01 -2.222172e-03 9.999914e-01 -3.499693e-03 3.084705e+00 3.738270e-02 3.580326e-03 9.992946e-01 5.420481e+01
9.993754e-01 -9.969082e-03 -3.390259e-02 -2.432090e+01 9.920147e-03 9.999495e-01 -1.611300e-03 3.227073e+00 3.391694e-02 1.273975e-03 9.994238e-01 5.610302e+01
9.993062e-01 -1.306018e-02 -3.487942e-02 -2.510239e+01 1.283605e-02 9.998956e-01 -6.642008e-03 3.380079e+00 3.496253e-02 6.189685e-03 9.993695e-01 5.788659e+01
9.992887e-01 -1.264457e-02 -3.552704e-02 -2.584037e+01 1.222480e-02 9.998532e-01 -1.200800e-02 3.450988e+00 3.567366e-02 1.156514e-02 9.992966e-01 5.946975e+01
9.993681e-01 -6.072668e-03 -3.502081e-02 -2.658587e+01 5.509899e-03 9.998545e-01 -1.614373e-02 3.541563e+00 3.511375e-02 1.594057e-02 9.992562e-01 6.070570e+01
9.993495e-01 -2.989147e-03 -3.594059e-02 -2.755409e+01 2.321512e-03 9.998242e-01 -1.860349e-02 3.801502e+00 3.598988e-02 1.850795e-02 9.991808e-01 6.287326e+01
9.993424e-01 3.732799e-03 -3.606790e-02 -2.834593e+01 -4.338655e-03 9.998506e-01 -1.673401e-02 3.787831e+00 3.600004e-02 1.687949e-02 9.992092e-01 6.444902e+01
9.992829e-01 3.683562e-03 -3.768499e-02 -2.939055e+01 -4.290305e-03 9.998623e-01 -1.603223e-02 3.979840e+00 3.762074e-02 1.618242e-02 9.991611e-01 6.690502e+01
9.991397e-01 1.701943e-02 -3.781732e-02 -3.017103e+01 -1.756756e-02 9.997447e-01 -1.420929e-02 3.907771e+00 3.756584e-02 1.486143e-02 9.991836e-01 6.829486e+01
9.990805e-01 2.005334e-02 -3.789492e-02 -3.096616e+01 -2.050492e-02 9.997229e-01 -1.156560e-02 3.996829e+00 3.765249e-02 1.233200e-02 9.992148e-01 7.008134e+01
9.988670e-01 2.887228e-02 -3.783102e-02 -3.187886e+01 -2.935633e-02 9.994933e-01 -1.230264e-02 4.122074e+00 3.745665e-02 1.339928e-02 9.992084e-01 7.193998e+01
9.988097e-01 3.078370e-02 -3.783456e-02 -3.255599e+01 -3.129069e-02 9.994273e-01 -1.288156e-02 4.101065e+00 3.741635e-02 1.405010e-02 9.992010e-01 7.340498e+01
9.987823e-01 3.149362e-02 -3.797435e-02 -3.324582e+01 -3.207191e-02 9.993772e-01 -1.471640e-02 4.128722e+00 3.748723e-02 1.591639e-02 9.991703e-01 7.497522e+01
9.986466e-01 3.544295e-02 -3.806376e-02 -3.401783e+01 -3.618323e-02 9.991657e-01 -1.893860e-02 4.204481e+00 3.736077e-02 2.029024e-02 9.990958e-01 7.664771e+01
9.986103e-01 3.527372e-02 -3.915741e-02 -3.467241e+01 -3.600193e-02 9.991887e-01 -1.805027e-02 4.211509e+00 3.848894e-02 1.943493e-02 9.990700e-01 7.824673e+01
9.985837e-01 3.488019e-02 -4.017526e-02 -3.537675e+01 -3.554602e-02 9.992403e-01 -1.597967e-02 4.242499e+00 3.958736e-02 1.738510e-02 9.990649e-01 7.993381e+01
9.983677e-01 4.021228e-02 -4.055718e-02 -3.625598e+01 -4.096659e-02 9.989994e-01 -1.794201e-02 4.417727e+00 3.979511e-02 1.957421e-02 9.990161e-01 8.180045e+01
9.982621e-01 4.265222e-02 -4.066525e-02 -3.704816e+01 -4.361242e-02 9.987832e-01 -2.302467e-02 4.459450e+00 3.963372e-02 2.475816e-02 9.989075e-01 8.344783e+01
9.982152e-01 4.343650e-02 -4.098422e-02 -3.787153e+01 -4.461685e-02 9.986021e-01 -2.833875e-02 4.536969e+00 3.969600e-02 3.011676e-02 9.987578e-01 8.521210e+01
9.980142e-01 4.747717e-02 -4.139615e-02 -3.857992e+01 -4.878779e-02 9.983203e-01 -3.124648e-02 4.559454e+00 3.984312e-02 3.320406e-02 9.986541e-01 8.677081e+01
9.978139e-01 5.103122e-02 -4.199009e-02 -3.911059e+01 -5.225176e-02 9.982271e-01 -2.850166e-02 4.626481e+00 4.046118e-02 3.063341e-02 9.987114e-01 8.812544e+01
9.981554e-01 4.394060e-02 -4.189293e-02 -3.997565e+01 -4.489458e-02 9.987470e-01 -2.210924e-02 4.741551e+00 4.086895e-02 2.394923e-02 9.988775e-01 9.014264e+01
9.981175e-01 4.444650e-02 -4.226177e-02 -4.065182e+01 -4.536540e-02 9.987489e-01 -2.103807e-02 4.741726e+00 4.127382e-02 2.291569e-02 9.988850e-01 9.176387e+01
9.982119e-01 4.261287e-02 -4.191905e-02 -4.141956e+01 -4.354471e-02 9.988185e-01 -2.157315e-02 4.773538e+00 4.095023e-02 2.335993e-02 9.988881e-01 9.338389e+01
9.981927e-01 4.279524e-02 -4.218914e-02 -4.217175e+01 -4.380056e-02 9.987709e-01 -2.319926e-02 4.798501e+00 4.114447e-02 2.500524e-02 9.988403e-01 9.506368e+01
9.982434e-01 4.095229e-02 -4.281450e-02 -4.293830e+01 -4.188032e-02 9.989018e-01 -2.100769e-02 4.867789e+00 4.190716e-02 2.276387e-02 9.988622e-01 9.681789e+01
9.985114e-01 3.216997e-02 -4.404621e-02 -4.355092e+01 -3.273725e-02 9.993893e-01 -1.221893e-02 4.891999e+00 4.362622e-02 1.364269e-02 9.989548e-01 9.846168e+01
9.984459e-01 3.368780e-02 -4.439572e-02 -4.425398e+01 -3.399585e-02 9.994027e-01 -6.201719e-03 4.940964e+00 4.416028e-02 7.701351e-03 9.989948e-01 1.000504e+02
9.982699e-01 3.823517e-02 -4.466794e-02 -4.488993e+01 -3.846299e-02 9.992510e-01 -4.251585e-03 4.970582e+00 4.447192e-02 5.962292e-03 9.989928e-01 1.014676e+02
9.982269e-01 3.915945e-02 -4.482759e-02 -4.566415e+01 -3.965882e-02 9.991601e-01 -1.030488e-02 5.100641e+00 4.438641e-02 1.206442e-02 9.989416e-01 1.030706e+02
9.982329e-01 3.814618e-02 -4.556292e-02 -4.636295e+01 -3.908489e-02 9.990379e-01 -1.989196e-02 5.165526e+00 4.476028e-02 2.163763e-02 9.987634e-01 1.045914e+02
9.982338e-01 3.773866e-02 -4.588112e-02 -4.713829e+01 -3.897497e-02 9.988925e-01 -2.635661e-02 5.292807e+00 4.483565e-02 2.809827e-02 9.985991e-01 1.062470e+02
9.980460e-01 4.168764e-02 -4.654425e-02 -4.788653e+01 -4.296770e-02 9.987156e-01 -2.684851e-02 5.403499e+00 4.536522e-02 2.879594e-02 9.985554e-01 1.078561e+02
9.977815e-01 4.725893e-02 -4.689016e-02 -4.866214e+01 -4.849767e-02 9.984941e-01 -2.564098e-02 5.449481e+00 4.560778e-02 2.785816e-02 9.985709e-01 1.094670e+02
9.977136e-01 4.797242e-02 -4.760574e-02 -4.939207e+01 -4.915280e-02 9.985043e-01 -2.394136e-02 5.530955e+00 4.638601e-02 2.622658e-02 9.985792e-01 1.110858e+02
9.977378e-01 4.694885e-02 -4.811506e-02 -5.008826e+01 -4.816269e-02 9.985418e-01 -2.438635e-02 5.633168e+00 4.689998e-02 2.664853e-02 9.985441e-01 1.126282e+02
9.977022e-01 4.658195e-02 -4.919773e-02 -5.074395e+01 -4.776195e-02 9.985919e-01 -2.308750e-02 5.686427e+00 4.805299e-02 2.538423e-02 9.985222e-01 1.140985e+02
9.976630e-01 4.625860e-02 -5.028686e-02 -5.138417e+01 -4.745869e-02 9.986098e-01 -2.293802e-02 5.815670e+00 4.915587e-02 2.527096e-02 9.984714e-01 1.155784e+02
9.975817e-01 4.720554e-02 -5.101306e-02 -5.206618e+01 -4.839278e-02 9.985796e-01 -2.229374e-02 5.851840e+00 4.988821e-02 2.470849e-02 9.984491e-01 1.170438e+02
9.975153e-01 4.798084e-02 -5.158493e-02 -5.272312e+01 -4.912215e-02 9.985701e-01 -2.108874e-02 5.900455e+00 5.049931e-02 2.357030e-02 9.984459e-01 1.184684e+02
9.972406e-01 5.275822e-02 -5.222764e-02 -5.329595e+01 -5.379727e-02 9.983769e-01 -1.869188e-02 5.893651e+00 5.115672e-02 2.145001e-02 9.984603e-01 1.195943e+02
9.971284e-01 5.339371e-02 -5.370312e-02 -5.345092e+01 -5.416780e-02 9.984464e-01 -1.306246e-02 5.875051e+00 5.292223e-02 1.593393e-02 9.984715e-01 1.198486e+02
9.967935e-01 5.847212e-02 -5.462421e-02 -5.405922e+01 -5.922054e-02 9.981706e-01 -1.218325e-02 5.915922e+00 5.381190e-02 1.537906e-02 9.984327e-01 1.211451e+02
9.964064e-01 6.429520e-02 -5.513994e-02 -5.472377e+01 -6.543789e-02 9.976724e-01 -1.917284e-02 5.983766e+00 5.377887e-02 2.271218e-02 9.982945e-01 1.224642e+02
9.964782e-01 6.308678e-02 -5.523785e-02 -5.533670e+01 -6.466502e-02 9.975345e-01 -2.726473e-02 6.016265e+00 5.338162e-02 3.074066e-02 9.981009e-01 1.237067e+02
9.964981e-01 6.199527e-02 -5.610882e-02 -5.587604e+01 -6.395239e-02 9.973810e-01 -3.378316e-02 6.044266e+00 5.386748e-02 3.725314e-02 9.978529e-01 1.249042e+02
9.964043e-01 6.320123e-02 -5.642834e-02 -5.645618e+01 -6.528471e-02 9.972216e-01 -3.587430e-02 6.118364e+00 5.400426e-02 3.942921e-02 9.977619e-01 1.261483e+02
9.961620e-01 6.640241e-02 -5.702642e-02 -5.702595e+01 -6.835136e-02 9.971176e-01 -3.293228e-02 6.216242e+00 5.467527e-02 3.670372e-02 9.978294e-01 1.273860e+02
9.954812e-01 7.870097e-02 -5.313559e-02 -5.771894e+01 -8.045268e-02 9.962551e-01 -3.167146e-02 6.054504e+00 5.044403e-02 3.580324e-02 9.980849e-01 1.282373e+02
9.957470e-01 7.517644e-02 -5.325779e-02 -5.826767e+01 -7.705197e-02 9.964444e-01 -3.408182e-02 6.065297e+00 5.050628e-02 3.804049e-02 9.979990e-01 1.293833e+02
9.966999e-01 6.130615e-02 -5.320619e-02 -5.859904e+01 -6.322332e-02 9.973809e-01 -3.512918e-02 6.074807e+00 5.091321e-02 3.837712e-02 9.979655e-01 1.300498e+02
9.971356e-01 5.392031e-02 -5.303909e-02 -5.906109e+01 -5.599214e-02 9.976931e-01 -3.838366e-02 6.099901e+00 5.084708e-02 4.124348e-02 9.978545e-01 1.311678e+02
9.969124e-01 5.871786e-02 -5.213339e-02 -5.953752e+01 -6.084433e-02 9.973381e-01 -4.018356e-02 6.146593e+00 4.963512e-02 4.323151e-02 9.978313e-01 1.322011e+02
9.965197e-01 6.602215e-02 -5.088781e-02 -6.002479e+01 -6.806246e-02 9.969004e-01 -3.946072e-02 6.232882e+00 4.812479e-02 4.278693e-02 9.979245e-01 1.332179e+02
9.967940e-01 6.324406e-02 -4.900844e-02 -6.045163e+01 -6.497409e-02 9.972887e-01 -3.454904e-02 6.263145e+00 4.669054e-02 3.762255e-02 9.982006e-01 1.342419e+02
9.971326e-01 6.001473e-02 -4.609570e-02 -6.095757e+01 -6.132510e-02 9.977373e-01 -2.755835e-02 6.252898e+00 4.433749e-02 3.030615e-02 9.985568e-01 1.352774e+02
9.974181e-01 5.806542e-02 -4.225511e-02 -6.135247e+01 -5.902448e-02 9.980182e-01 -2.181380e-02 6.235348e+00 4.090474e-02 2.425157e-02 9.988687e-01 1.361482e+02
9.972692e-01 6.286950e-02 -3.875106e-02 -6.166059e+01 -6.389414e-02 9.976233e-01 -2.579492e-02 6.414654e+00 3.703725e-02 2.820045e-02 9.989159e-01 1.370702e+02
9.972195e-01 6.726012e-02 -3.208477e-02 -6.189237e+01 -6.824521e-02 9.971972e-01 -3.066391e-02 6.415466e+00 2.993238e-02 3.276828e-02 9.990147e-01 1.373605e+02
9.971845e-01 7.068398e-02 -2.503533e-02 -6.218863e+01 -7.146495e-02 9.969358e-01 -3.180910e-02 6.522205e+00 2.271022e-02 3.350869e-02 9.991804e-01 1.381856e+02
9.977903e-01 6.375757e-02 -1.869308e-02 -6.225522e+01 -6.426710e-02 9.975382e-01 -2.805740e-02 6.510047e+00 1.685819e-02 2.919675e-02 9.994315e-01 1.386972e+02
9.981030e-01 6.082143e-02 -9.549612e-03 -6.225948e+01 -6.104259e-02 9.978248e-01 -2.488732e-02 6.515959e+00 8.015158e-03 2.542304e-02 9.996446e-01 1.387944e+02
9.979143e-01 6.450977e-02 2.354415e-03 -6.230018e+01 -6.444090e-02 9.976687e-01 -2.246135e-02 6.515719e+00 -3.797903e-03 2.226278e-02 9.997449e-01 1.389235e+02
9.978862e-01 6.327928e-02 1.479721e-02 -6.229429e+01 -6.297548e-02 9.978113e-01 -2.016735e-02 6.507946e+00 -1.604100e-02 1.919286e-02 9.996871e-01 1.391146e+02
9.956511e-01 6.501941e-02 6.671819e-02 -6.322053e+01 -6.409456e-02 9.978170e-01 -1.591246e-02 6.467998e+00 -6.760716e-02 1.156698e-02 9.976450e-01 1.393143e+02
9.925295e-01 7.156887e-02 9.880787e-02 -6.354709e+01 -7.021462e-02 9.973850e-01 -1.712043e-02 6.487781e+00 -9.977477e-02 1.005478e-02 9.949592e-01 1.394107e+02
